{
 "cells": [
  {
   "cell_type": "code",
   "execution_count": 2,
   "metadata": {},
   "outputs": [],
   "source": [
    "from sympy import *"
   ]
  },
  {
   "cell_type": "code",
   "execution_count": 3,
   "metadata": {},
   "outputs": [],
   "source": [
    "def Rx(th):\n",
    "    return Matrix([\n",
    "        [1, 0, 0],\n",
    "        [0, cos(th), -sin(th)],\n",
    "        [0, sin(th), cos(th)]\n",
    "    ])\n",
    "def Ry(th):\n",
    "    return Matrix([\n",
    "        [cos(th), 0, sin(th)],\n",
    "        [0, 1, 0],\n",
    "        [-sin(th), 0, cos(th)]\n",
    "    ])\n",
    "def Rz(th):\n",
    "    return Matrix([\n",
    "        [cos(th), -sin(th), 0],\n",
    "        [sin(th), cos(th), 0],\n",
    "        [0, 0, 1]\n",
    "    ])"
   ]
  },
  {
   "attachments": {},
   "cell_type": "markdown",
   "metadata": {},
   "source": [
    "![agile eye](agile_eye.jpg)"
   ]
  },
  {
   "cell_type": "code",
   "execution_count": 4,
   "metadata": {},
   "outputs": [
    {
     "data": {
      "text/latex": [
       "$\\displaystyle \\left[\\begin{matrix}- \\sin{\\left(θ_{1} \\right)} \\sin{\\left(θ_{2} \\right)} \\sin{\\left(θ_{3} \\right)} + \\cos{\\left(θ_{1} \\right)} \\cos{\\left(θ_{3} \\right)} & - \\sin{\\left(θ_{1} \\right)} \\cos{\\left(θ_{2} \\right)} & \\sin{\\left(θ_{1} \\right)} \\sin{\\left(θ_{2} \\right)} \\cos{\\left(θ_{3} \\right)} + \\sin{\\left(θ_{3} \\right)} \\cos{\\left(θ_{1} \\right)}\\\\\\sin{\\left(θ_{1} \\right)} \\cos{\\left(θ_{3} \\right)} + \\sin{\\left(θ_{2} \\right)} \\sin{\\left(θ_{3} \\right)} \\cos{\\left(θ_{1} \\right)} & \\cos{\\left(θ_{1} \\right)} \\cos{\\left(θ_{2} \\right)} & \\sin{\\left(θ_{1} \\right)} \\sin{\\left(θ_{3} \\right)} - \\sin{\\left(θ_{2} \\right)} \\cos{\\left(θ_{1} \\right)} \\cos{\\left(θ_{3} \\right)}\\\\- \\sin{\\left(θ_{3} \\right)} \\cos{\\left(θ_{2} \\right)} & \\sin{\\left(θ_{2} \\right)} & \\cos{\\left(θ_{2} \\right)} \\cos{\\left(θ_{3} \\right)}\\end{matrix}\\right]$"
      ],
      "text/plain": [
       "Matrix([\n",
       "[-sin(θ1)*sin(θ2)*sin(θ3) + cos(θ1)*cos(θ3), -sin(θ1)*cos(θ2), sin(θ1)*sin(θ2)*cos(θ3) + sin(θ3)*cos(θ1)],\n",
       "[ sin(θ1)*cos(θ3) + sin(θ2)*sin(θ3)*cos(θ1),  cos(θ1)*cos(θ2), sin(θ1)*sin(θ3) - sin(θ2)*cos(θ1)*cos(θ3)],\n",
       "[                          -sin(θ3)*cos(θ2),          sin(θ2),                           cos(θ2)*cos(θ3)]])"
      ]
     },
     "execution_count": 4,
     "metadata": {},
     "output_type": "execute_result"
    }
   ],
   "source": [
    "#joint angles in the agile eye as shown in the sketch\n",
    "th1, th2, th3, th4, th5 = symbols('θ1 θ2 θ3 θ4 θ5')\n",
    "\n",
    "#the longer agile arm chain rotates about z, then x, then y\n",
    "R_2arm = trigsimp(Rz(th1)@Rx(th2)@Ry(th3))\n",
    "R_2arm"
   ]
  },
  {
   "cell_type": "code",
   "execution_count": 5,
   "metadata": {},
   "outputs": [
    {
     "data": {
      "text/latex": [
       "$\\displaystyle \\left[\\begin{matrix}\\cos{\\left(θ_{4} \\right)} \\cos{\\left(θ_{5} \\right)} & - \\sin{\\left(θ_{5} \\right)} \\cos{\\left(θ_{4} \\right)} & \\sin{\\left(θ_{4} \\right)}\\\\\\sin{\\left(θ_{5} \\right)} & \\cos{\\left(θ_{5} \\right)} & 0\\\\- \\sin{\\left(θ_{4} \\right)} \\cos{\\left(θ_{5} \\right)} & \\sin{\\left(θ_{4} \\right)} \\sin{\\left(θ_{5} \\right)} & \\cos{\\left(θ_{4} \\right)}\\end{matrix}\\right]$"
      ],
      "text/plain": [
       "Matrix([\n",
       "[ cos(θ4)*cos(θ5), -sin(θ5)*cos(θ4), sin(θ4)],\n",
       "[         sin(θ5),          cos(θ5),       0],\n",
       "[-sin(θ4)*cos(θ5),  sin(θ4)*sin(θ5), cos(θ4)]])"
      ]
     },
     "execution_count": 5,
     "metadata": {},
     "output_type": "execute_result"
    }
   ],
   "source": [
    "#shorter chain rotates about y then z\n",
    "R_1arm = trigsimp(Ry(th4)@Rz(th5))\n",
    "R_1arm"
   ]
  },
  {
   "cell_type": "code",
   "execution_count": 28,
   "metadata": {},
   "outputs": [
    {
     "data": {
      "text/plain": [
       "[(θ_y, θ_z)]"
      ]
     },
     "execution_count": 28,
     "metadata": {},
     "output_type": "execute_result"
    }
   ],
   "source": [
    "thz, thy = symbols('θ_z θ_y') #IMU yaw and pitch\n",
    "R_cam = Rz(thz)@Ry(thy)\n",
    "f1 = R_cam - R_1arm #solve for angles on shorter chain by setting equal to camera orientation\n",
    "solcam45 = solve(f1, [th4,th5])\n",
    "solcam45"
   ]
  },
  {
   "cell_type": "code",
   "execution_count": 12,
   "metadata": {},
   "outputs": [
    {
     "data": {
      "text/latex": [
       "$\\displaystyle \\left[\\begin{matrix}0.936293363584199 & -0.289629477625516 & 0.198669330795061\\\\0.29552020666134 & 0.955336489125606 & 0\\\\-0.189796060978687 & 0.0587108016938265 & 0.980066577841242\\end{matrix}\\right]$"
      ],
      "text/plain": [
       "Matrix([\n",
       "[ 0.936293363584199, -0.289629477625516, 0.198669330795061],\n",
       "[  0.29552020666134,  0.955336489125606,                 0],\n",
       "[-0.189796060978687, 0.0587108016938265, 0.980066577841242]])"
      ]
     },
     "execution_count": 12,
     "metadata": {},
     "output_type": "execute_result"
    }
   ],
   "source": [
    "R_1arm.subs({th4:0.2,th5:0.3})"
   ]
  },
  {
   "cell_type": "code",
   "execution_count": 34,
   "metadata": {},
   "outputs": [
    {
     "name": "stdout",
     "output_type": "stream",
     "text": [
      "0.305731843866098 0.190954427822008\n"
     ]
    }
   ],
   "source": [
    "m_y = atan2(-R_cam[2,0], R_cam[0,0]).subs({thz:0.2,thy:0.3})\n",
    "az = asin(R_cam[1,0]).subs({thz:0.2,thy:0.3})\n",
    "print(m_y, az)"
   ]
  },
  {
   "cell_type": "code",
   "execution_count": 35,
   "metadata": {},
   "outputs": [
    {
     "data": {
      "text/latex": [
       "$\\displaystyle \\left[\\begin{matrix}0.936293363584199 & -0.180994634849206 & 0.300991161770556\\\\0.189796060978687 & 0.981823535691101 & 0\\\\-0.29552020666134 & 0.0571269368934505 & 0.953626929431007\\end{matrix}\\right]$"
      ],
      "text/plain": [
       "Matrix([\n",
       "[0.936293363584199, -0.180994634849206, 0.300991161770556],\n",
       "[0.189796060978687,  0.981823535691101,                 0],\n",
       "[-0.29552020666134, 0.0571269368934505, 0.953626929431007]])"
      ]
     },
     "execution_count": 35,
     "metadata": {},
     "output_type": "execute_result"
    }
   ],
   "source": [
    "R_1arm.subs({th4:m_y,th5:az})"
   ]
  },
  {
   "cell_type": "code",
   "execution_count": 8,
   "metadata": {},
   "outputs": [
    {
     "data": {
      "text/plain": [
       "[(pi - asin(sin(θ_z)), 0, pi - asin(sin(θ_y))),\n",
       " (pi - asin(sin(θ_z)), 0, asin(sin(θ_y))),\n",
       " (asin(sin(θ_z)) + pi, pi, asin(sin(θ_y)) + pi),\n",
       " (asin(sin(θ_z)) + pi, pi, -asin(sin(θ_y))),\n",
       " (-asin(sin(θ_z)), pi, asin(sin(θ_y)) + pi),\n",
       " (-asin(sin(θ_z)), pi, -asin(sin(θ_y))),\n",
       " (asin(sin(θ_z)), 0, pi - asin(sin(θ_y))),\n",
       " (asin(sin(θ_z)), 0, asin(sin(θ_y)))]"
      ]
     },
     "execution_count": 8,
     "metadata": {},
     "output_type": "execute_result"
    }
   ],
   "source": [
    "f2 = R_cam - R_2arm #solve for angles on longer chain by setting equal to camera orientation\n",
    "solcam123 = solve(f2, [th1,th2,th3])\n",
    "solcam123"
   ]
  },
  {
   "cell_type": "code",
   "execution_count": 9,
   "metadata": {},
   "outputs": [
    {
     "name": "stdout",
     "output_type": "stream",
     "text": [
      "3.54159265358979 0 2.84159265358979\n",
      "3.54159265358979 0 0.300000000000000\n",
      "2.74159265358979 3.14159265358979 3.44159265358979\n",
      "2.74159265358979 3.14159265358979 -0.300000000000000\n",
      "0.400000000000000 3.14159265358979 3.44159265358979\n",
      "0.400000000000000 3.14159265358979 -0.300000000000000\n",
      "-0.400000000000000 0 2.84159265358979\n",
      "-0.400000000000000 0 0.300000000000000\n"
     ]
    }
   ],
   "source": [
    "test_dict = {thz: -0.4, thy: 0.3}\n",
    "for i in range(len(solcam123)):\n",
    "    th1_n = solcam123[i][0].subs(test_dict).n()\n",
    "    th2_n = solcam123[i][1].subs(test_dict).n()\n",
    "    th3_n = solcam123[i][2].subs(test_dict).n()\n",
    "    print(th1_n, th2_n, th3_n)\n",
    "#last solution seems most reasonable"
   ]
  },
  {
   "cell_type": "code",
   "execution_count": 41,
   "metadata": {},
   "outputs": [
    {
     "name": "stdout",
     "output_type": "stream",
     "text": [
      "0 0\n",
      "Matrix([[0, 1.00000000000000, 1.00000000000000], [1.00000000000000, 0, 1.00000000000000], [1.00000000000000, -1.00000000000000, 0]])\n",
      "0 0\n",
      "Matrix([[0, 0.657979856674331, 0.939692620785908], [0.657979856674331, 0, 0.939692620785908], [0.939692620785908, -0.939692620785908, 0]])\n",
      "0 0\n",
      "Matrix([[0, 0.357212390313461, 0.766044443118978], [0.357212390313461, 0, 0.766044443118978], [0.766044443118978, -0.766044443118978, 0]])\n",
      "0 0\n",
      "Matrix([[0, 0.133974596215561, 0.500000000000000], [0.133974596215561, 0, 0.500000000000000], [0.500000000000000, -0.500000000000000, 0]])\n",
      "0 0\n",
      "Matrix([[0, 0.0151922469877920, 0.173648177666930], [0.0151922469877920, 0, 0.173648177666930], [0.173648177666930, -0.173648177666930, 0]])\n",
      "0 0\n",
      "Matrix([[0, 0.0151922469877920, -0.173648177666930], [0.0151922469877920, 0, -0.173648177666930], [-0.173648177666930, 0.173648177666930, 0]])\n",
      "0 0\n",
      "Matrix([[0, 0.133974596215561, -0.500000000000000], [0.133974596215561, 0, -0.500000000000000], [-0.500000000000000, 0.500000000000000, 0]])\n",
      "0 0\n",
      "Matrix([[0, 0.357212390313461, -0.766044443118978], [0.357212390313461, 0, -0.766044443118978], [-0.766044443118978, 0.766044443118978, 0]])\n",
      "0 0\n",
      "Matrix([[0, 0.657979856674331, -0.939692620785908], [0.657979856674331, 0, -0.939692620785908], [-0.939692620785908, 0.939692620785908, 0]])\n",
      "0 0\n",
      "Matrix([[0, 1.00000000000000, -1.00000000000000], [1.00000000000000, 0, -1.00000000000000], [-1.00000000000000, 1.00000000000000, 0]])\n",
      "0 0\n",
      "Matrix([[0, 0.939692620785908, 0.657979856674331], [0.939692620785908, 0, 0.939692620785908], [0.657979856674331, -0.939692620785908, 0]])\n",
      "0 0\n",
      "Matrix([[0, 0.618298815942639, 0.618298815942639], [0.618298815942639, 0, 0.883022221559489], [0.618298815942639, -0.883022221559489, 0]])\n",
      "0 0\n",
      "Matrix([[0, 0.335669847230855, 0.504041812889593], [0.335669847230855, 0, 0.719846310392954], [0.504041812889593, -0.719846310392954, 0]])\n",
      "0 0\n",
      "Matrix([[0, 0.125894939436535, 0.328989928337166], [0.125894939436535, 0, 0.469846310392954], [0.328989928337166, -0.469846310392954, 0]])\n",
      "0 0\n",
      "Matrix([[0, 0.0142760423875851, 0.114257003053046], [0.0142760423875851, 0, 0.163175911166535], [0.114257003053046, -0.163175911166535, 0]])\n",
      "0 0\n",
      "Matrix([[0, 0.0142760423875851, -0.114257003053046], [0.0142760423875851, 0, -0.163175911166535], [-0.114257003053046, 0.163175911166535, 0]])\n",
      "0 0\n",
      "Matrix([[0, 0.125894939436535, -0.328989928337165], [0.125894939436535, 0, -0.469846310392954], [-0.328989928337165, 0.469846310392954, 0]])\n",
      "0 0\n",
      "Matrix([[0, 0.335669847230855, -0.504041812889593], [0.335669847230855, 0, -0.719846310392954], [-0.504041812889593, 0.719846310392954, 0]])\n",
      "0 0\n",
      "Matrix([[0, 0.618298815942639, -0.618298815942639], [0.618298815942639, 0, -0.883022221559489], [-0.618298815942639, 0.883022221559489, 0]])\n",
      "0 0\n",
      "Matrix([[0, 0.939692620785908, -0.657979856674331], [0.939692620785908, 0, -0.939692620785908], [-0.657979856674331, 0.939692620785908, 0]])\n",
      "0 0\n",
      "Matrix([[0, 0.766044443118978, 0.357212390313461], [0.766044443118978, 0, 0.766044443118978], [0.357212390313461, -0.766044443118978, 0]])\n",
      "0 0\n",
      "Matrix([[0, 0.504041812889593, 0.335669847230855], [0.504041812889593, 0, 0.719846310392954], [0.335669847230855, -0.719846310392954, 0]])\n",
      "0 0\n",
      "Matrix([[0, 0.273640566612874, 0.273640566612874], [0.273640566612874, 0, 0.586824088833465], [0.273640566612874, -0.586824088833465, 0]])\n",
      "0 0\n",
      "Matrix([[0, 0.102630494950040, 0.178606195156730], [0.102630494950040, 0, 0.383022221559489], [0.178606195156730, -0.383022221559489, 0]])\n",
      "0 0\n",
      "Matrix([[0, 0.0116379363834891, 0.0620292806179807], [0.0116379363834891, 0, 0.133022221559489], [0.0620292806179807, -0.133022221559489, 0]])\n",
      "0 0\n",
      "Matrix([[0, 0.0116379363834891, -0.0620292806179807], [0.0116379363834891, 0, -0.133022221559489], [-0.0620292806179807, 0.133022221559489, 0]])\n",
      "0 0\n",
      "Matrix([[0, 0.102630494950040, -0.178606195156730], [0.102630494950040, 0, -0.383022221559489], [-0.178606195156730, 0.383022221559489, 0]])\n",
      "0 0\n",
      "Matrix([[0, 0.273640566612874, -0.273640566612874], [0.273640566612874, 0, -0.586824088833465], [-0.273640566612874, 0.586824088833465, 0]])\n",
      "0 0\n",
      "Matrix([[0, 0.504041812889593, -0.335669847230855], [0.504041812889593, 0, -0.719846310392954], [-0.335669847230855, 0.719846310392954, 0]])\n",
      "0 0\n",
      "Matrix([[0, 0.766044443118978, -0.357212390313461], [0.766044443118978, 0, -0.766044443118978], [-0.357212390313461, 0.766044443118978, 0]])\n",
      "0 0\n",
      "Matrix([[0, 0.500000000000000, 0.133974596215561], [0.500000000000000, 0, 0.500000000000000], [0.133974596215561, -0.500000000000000, 0]])\n",
      "0 0\n",
      "Matrix([[0, 0.328989928337166, 0.125894939436535], [0.328989928337166, 0, 0.469846310392954], [0.125894939436535, -0.469846310392954, 0]])\n",
      "0 0\n",
      "Matrix([[0, 0.178606195156730, 0.102630494950040], [0.178606195156730, 0, 0.383022221559489], [0.102630494950040, -0.383022221559489, 0]])\n",
      "0 0\n",
      "Matrix([[0, 0.0669872981077807, 0.0669872981077807], [0.0669872981077807, 0, 0.250000000000000], [0.0669872981077807, -0.250000000000000, 0]])\n",
      "0 0\n",
      "Matrix([[0, 0.00759612349389599, 0.0232644444864951], [0.00759612349389599, 0, 0.0868240888334652], [0.0232644444864951, -0.0868240888334652, 0]])\n",
      "0 0\n",
      "Matrix([[0, 0.00759612349389599, -0.0232644444864951], [0.00759612349389599, 0, -0.0868240888334652], [-0.0232644444864951, 0.0868240888334652, 0]])\n",
      "0 0\n",
      "Matrix([[0, 0.0669872981077806, -0.0669872981077807], [0.0669872981077806, 0, -0.250000000000000], [-0.0669872981077807, 0.250000000000000, 0]])\n",
      "0 0\n",
      "Matrix([[0, 0.178606195156730, -0.102630494950040], [0.178606195156730, 0, -0.383022221559489], [-0.102630494950040, 0.383022221559489, 0]])\n",
      "0 0\n",
      "Matrix([[0, 0.328989928337166, -0.125894939436535], [0.328989928337166, 0, -0.469846310392954], [-0.125894939436535, 0.469846310392954, 0]])\n",
      "0 0\n",
      "Matrix([[0, 0.500000000000000, -0.133974596215561], [0.500000000000000, 0, -0.500000000000000], [-0.133974596215561, 0.500000000000000, 0]])\n",
      "0 0\n",
      "Matrix([[0, 0.173648177666930, 0.0151922469877920], [0.173648177666930, 0, 0.173648177666930], [0.0151922469877920, -0.173648177666930, 0]])\n",
      "0 0\n",
      "Matrix([[0, 0.114257003053046, 0.0142760423875851], [0.114257003053046, 0, 0.163175911166535], [0.0142760423875851, -0.163175911166535, 0]])\n",
      "0 0\n",
      "Matrix([[0, 0.0620292806179807, 0.0116379363834891], [0.0620292806179807, 0, 0.133022221559489], [0.0116379363834891, -0.133022221559489, 0]])\n",
      "0 0\n",
      "Matrix([[0, 0.0232644444864951, 0.00759612349389599], [0.0232644444864951, 0, 0.0868240888334652], [0.00759612349389599, -0.0868240888334652, 0]])\n",
      "0 0\n",
      "Matrix([[0, 0.00263810600409600, 0.00263810600409600], [0.00263810600409600, 0, 0.0301536896070458], [0.00263810600409600, -0.0301536896070458, 0]])\n",
      "0 0\n",
      "Matrix([[0, 0.00263810600409600, -0.00263810600409600], [0.00263810600409600, 0, -0.0301536896070458], [-0.00263810600409600, 0.0301536896070458, 0]])\n",
      "0 0\n",
      "Matrix([[0, 0.0232644444864950, -0.00759612349389599], [0.0232644444864950, 0, -0.0868240888334652], [-0.00759612349389599, 0.0868240888334652, 0]])\n",
      "0 0\n",
      "Matrix([[0, 0.0620292806179807, -0.0116379363834891], [0.0620292806179807, 0, -0.133022221559489], [-0.0116379363834891, 0.133022221559489, 0]])\n",
      "0 0\n",
      "Matrix([[0, 0.114257003053046, -0.0142760423875851], [0.114257003053046, 0, -0.163175911166535], [-0.0142760423875851, 0.163175911166535, 0]])\n",
      "0 0\n",
      "Matrix([[0, 0.173648177666930, -0.0151922469877920], [0.173648177666930, 0, -0.173648177666930], [-0.0151922469877920, 0.173648177666930, 0]])\n",
      "0 0\n",
      "Matrix([[0, -0.173648177666930, 0.0151922469877920], [-0.173648177666930, 0, -0.173648177666930], [0.0151922469877920, 0.173648177666930, 0]])\n",
      "0 0\n",
      "Matrix([[0, -0.114257003053046, 0.0142760423875851], [-0.114257003053046, 0, -0.163175911166535], [0.0142760423875851, 0.163175911166535, 0]])\n",
      "0 0\n",
      "Matrix([[0, -0.0620292806179807, 0.0116379363834891], [-0.0620292806179807, 0, -0.133022221559489], [0.0116379363834891, 0.133022221559489, 0]])\n",
      "0 0\n",
      "Matrix([[0, -0.0232644444864951, 0.00759612349389599], [-0.0232644444864951, 0, -0.0868240888334652], [0.00759612349389599, 0.0868240888334652, 0]])\n",
      "0 0\n",
      "Matrix([[0, -0.00263810600409600, 0.00263810600409600], [-0.00263810600409600, 0, -0.0301536896070458], [0.00263810600409600, 0.0301536896070458, 0]])\n",
      "0 0\n",
      "Matrix([[0, -0.00263810600409600, -0.00263810600409600], [-0.00263810600409600, 0, 0.0301536896070458], [-0.00263810600409600, -0.0301536896070458, 0]])\n",
      "0 0\n",
      "Matrix([[0, -0.0232644444864950, -0.00759612349389599], [-0.0232644444864950, 0, 0.0868240888334652], [-0.00759612349389599, -0.0868240888334652, 0]])\n",
      "0 0\n",
      "Matrix([[0, -0.0620292806179807, -0.0116379363834891], [-0.0620292806179807, 0, 0.133022221559489], [-0.0116379363834891, -0.133022221559489, 0]])\n",
      "0 0\n",
      "Matrix([[0, -0.114257003053046, -0.0142760423875851], [-0.114257003053046, 0, 0.163175911166535], [-0.0142760423875851, -0.163175911166535, 0]])\n",
      "0 0\n",
      "Matrix([[0, -0.173648177666930, -0.0151922469877920], [-0.173648177666930, 0, 0.173648177666930], [-0.0151922469877920, -0.173648177666930, 0]])\n",
      "0 0\n",
      "Matrix([[0, -0.500000000000000, 0.133974596215561], [-0.500000000000000, 0, -0.500000000000000], [0.133974596215561, 0.500000000000000, 0]])\n",
      "0 0\n",
      "Matrix([[0, -0.328989928337165, 0.125894939436535], [-0.328989928337165, 0, -0.469846310392954], [0.125894939436535, 0.469846310392954, 0]])\n",
      "0 0\n",
      "Matrix([[0, -0.178606195156730, 0.102630494950040], [-0.178606195156730, 0, -0.383022221559489], [0.102630494950040, 0.383022221559489, 0]])\n",
      "0 0\n",
      "Matrix([[0, -0.0669872981077807, 0.0669872981077806], [-0.0669872981077807, 0, -0.250000000000000], [0.0669872981077806, 0.250000000000000, 0]])\n",
      "0 0\n",
      "Matrix([[0, -0.00759612349389599, 0.0232644444864950], [-0.00759612349389599, 0, -0.0868240888334652], [0.0232644444864950, 0.0868240888334652, 0]])\n",
      "0 0\n",
      "Matrix([[0, -0.00759612349389599, -0.0232644444864950], [-0.00759612349389599, 0, 0.0868240888334652], [-0.0232644444864950, -0.0868240888334652, 0]])\n",
      "0 0\n",
      "Matrix([[0, -0.0669872981077806, -0.0669872981077806], [-0.0669872981077806, 0, 0.250000000000000], [-0.0669872981077806, -0.250000000000000, 0]])\n",
      "0 0\n",
      "Matrix([[0, -0.178606195156730, -0.102630494950040], [-0.178606195156730, 0, 0.383022221559489], [-0.102630494950040, -0.383022221559489, 0]])\n",
      "0 0\n",
      "Matrix([[0, -0.328989928337165, -0.125894939436535], [-0.328989928337165, 0, 0.469846310392954], [-0.125894939436535, -0.469846310392954, 0]])\n",
      "0 0\n",
      "Matrix([[0, -0.500000000000000, -0.133974596215561], [-0.500000000000000, 0, 0.500000000000000], [-0.133974596215561, -0.500000000000000, 0]])\n",
      "1.11022302462516e-16 0\n",
      "Matrix([[0, -0.766044443118978, 0.357212390313461], [-0.766044443118978, 0, -0.766044443118978], [0.357212390313461, 0.766044443118978, 0]])\n",
      "1.11022302462516e-16 0\n",
      "Matrix([[0, -0.504041812889593, 0.335669847230855], [-0.504041812889593, 0, -0.719846310392954], [0.335669847230855, 0.719846310392954, 0]])\n",
      "1.11022302462516e-16 0\n",
      "Matrix([[0, -0.273640566612874, 0.273640566612874], [-0.273640566612874, 0, -0.586824088833465], [0.273640566612874, 0.586824088833465, 0]])\n",
      "1.11022302462516e-16 0\n",
      "Matrix([[0, -0.102630494950040, 0.178606195156730], [-0.102630494950040, 0, -0.383022221559489], [0.178606195156730, 0.383022221559489, 0]])\n",
      "1.11022302462516e-16 0\n",
      "Matrix([[0, -0.0116379363834891, 0.0620292806179807], [-0.0116379363834891, 0, -0.133022221559489], [0.0620292806179807, 0.133022221559489, 0]])\n",
      "1.11022302462516e-16 0\n",
      "Matrix([[0, -0.0116379363834891, -0.0620292806179807], [-0.0116379363834891, 0, 0.133022221559489], [-0.0620292806179807, -0.133022221559489, 0]])\n",
      "1.11022302462516e-16 0\n",
      "Matrix([[0, -0.102630494950040, -0.178606195156730], [-0.102630494950040, 0, 0.383022221559489], [-0.178606195156730, -0.383022221559489, 0]])\n",
      "1.11022302462516e-16 0\n",
      "Matrix([[0, -0.273640566612874, -0.273640566612874], [-0.273640566612874, 0, 0.586824088833465], [-0.273640566612874, -0.586824088833465, 0]])\n",
      "1.11022302462516e-16 0\n",
      "Matrix([[0, -0.504041812889593, -0.335669847230855], [-0.504041812889593, 0, 0.719846310392954], [-0.335669847230855, -0.719846310392954, 0]])\n",
      "1.11022302462516e-16 0\n",
      "Matrix([[0, -0.766044443118978, -0.357212390313461], [-0.766044443118978, 0, 0.766044443118978], [-0.357212390313461, -0.766044443118978, 0]])\n",
      "0 0\n",
      "Matrix([[0, -0.939692620785908, 0.657979856674331], [-0.939692620785908, 0, -0.939692620785908], [0.657979856674331, 0.939692620785908, 0]])\n",
      "0 0\n",
      "Matrix([[0, -0.618298815942639, 0.618298815942639], [-0.618298815942639, 0, -0.883022221559489], [0.618298815942639, 0.883022221559489, 0]])\n",
      "0 0\n",
      "Matrix([[0, -0.335669847230855, 0.504041812889593], [-0.335669847230855, 0, -0.719846310392954], [0.504041812889593, 0.719846310392954, 0]])\n",
      "0 0\n",
      "Matrix([[0, -0.125894939436535, 0.328989928337166], [-0.125894939436535, 0, -0.469846310392954], [0.328989928337166, 0.469846310392954, 0]])\n",
      "0 0\n",
      "Matrix([[0, -0.0142760423875851, 0.114257003053046], [-0.0142760423875851, 0, -0.163175911166535], [0.114257003053046, 0.163175911166535, 0]])\n",
      "0 0\n",
      "Matrix([[0, -0.0142760423875851, -0.114257003053046], [-0.0142760423875851, 0, 0.163175911166535], [-0.114257003053046, -0.163175911166535, 0]])\n",
      "0 0\n",
      "Matrix([[0, -0.125894939436535, -0.328989928337165], [-0.125894939436535, 0, 0.469846310392954], [-0.328989928337165, -0.469846310392954, 0]])\n",
      "0 0\n",
      "Matrix([[0, -0.335669847230855, -0.504041812889593], [-0.335669847230855, 0, 0.719846310392954], [-0.504041812889593, -0.719846310392954, 0]])\n",
      "0 0\n",
      "Matrix([[0, -0.618298815942639, -0.618298815942639], [-0.618298815942639, 0, 0.883022221559489], [-0.618298815942639, -0.883022221559489, 0]])\n",
      "0 0\n",
      "Matrix([[0, -0.939692620785908, -0.657979856674331], [-0.939692620785908, 0, 0.939692620785908], [-0.657979856674331, -0.939692620785908, 0]])\n",
      "0 0\n",
      "Matrix([[0, -1.00000000000000, 1.00000000000000], [-1.00000000000000, 0, -1.00000000000000], [1.00000000000000, 1.00000000000000, 0]])\n",
      "0 0\n",
      "Matrix([[0, -0.657979856674331, 0.939692620785908], [-0.657979856674331, 0, -0.939692620785908], [0.939692620785908, 0.939692620785908, 0]])\n",
      "0 0\n",
      "Matrix([[0, -0.357212390313461, 0.766044443118978], [-0.357212390313461, 0, -0.766044443118978], [0.766044443118978, 0.766044443118978, 0]])\n",
      "0 0\n",
      "Matrix([[0, -0.133974596215561, 0.500000000000000], [-0.133974596215561, 0, -0.500000000000000], [0.500000000000000, 0.500000000000000, 0]])\n",
      "0 0\n",
      "Matrix([[0, -0.0151922469877920, 0.173648177666930], [-0.0151922469877920, 0, -0.173648177666930], [0.173648177666930, 0.173648177666930, 0]])\n",
      "0 0\n",
      "Matrix([[0, -0.0151922469877920, -0.173648177666930], [-0.0151922469877920, 0, 0.173648177666930], [-0.173648177666930, -0.173648177666930, 0]])\n",
      "0 0\n",
      "Matrix([[0, -0.133974596215561, -0.500000000000000], [-0.133974596215561, 0, 0.500000000000000], [-0.500000000000000, -0.500000000000000, 0]])\n",
      "0 0\n",
      "Matrix([[0, -0.357212390313461, -0.766044443118978], [-0.357212390313461, 0, 0.766044443118978], [-0.766044443118978, -0.766044443118978, 0]])\n",
      "0 0\n",
      "Matrix([[0, -0.657979856674331, -0.939692620785908], [-0.657979856674331, 0, 0.939692620785908], [-0.939692620785908, -0.939692620785908, 0]])\n",
      "0 0\n",
      "Matrix([[0, -1.00000000000000, -1.00000000000000], [-1.00000000000000, 0, 1.00000000000000], [-1.00000000000000, -1.00000000000000, 0]])\n"
     ]
    }
   ],
   "source": [
    "import numpy as np\n",
    "#sweep angles in front hemisphere\n",
    "for thz_n in np.linspace(-np.pi/2, np.pi/2, 10):\n",
    "    for thy_n in np.linspace(-np.pi/2, np.pi/2, 10):\n",
    "        test_dict = {thz: thz_n, thy: thy_n}\n",
    "        th1_n = solcam123[7][0].subs(test_dict).n()\n",
    "        th4_n = solcam45[0][0].subs(test_dict).n()\n",
    "        # print(thz_n, th1_n, thy_n, th4_n)\n",
    "        print(thz_n-th1_n, thy_n-th4_n)\n",
    "        print(f1.subs({thz: thz_n, thy: thy_n, th1:solcam123[7][0].subs(test_dict).n(),th2:solcam123[7][1].subs(test_dict).n(),th3:solcam123[7][2].subs(test_dict).n(), th4:solcam45[0][0].subs(test_dict).n(), th5:solcam45[0][1].subs(test_dict).n()}))"
   ]
  },
  {
   "cell_type": "code",
   "execution_count": null,
   "metadata": {},
   "outputs": [],
   "source": []
  }
 ],
 "metadata": {
  "kernelspec": {
   "display_name": "Python 3",
   "language": "python",
   "name": "python3"
  },
  "language_info": {
   "codemirror_mode": {
    "name": "ipython",
    "version": 3
   },
   "file_extension": ".py",
   "mimetype": "text/x-python",
   "name": "python",
   "nbconvert_exporter": "python",
   "pygments_lexer": "ipython3",
   "version": "3.10.6"
  },
  "orig_nbformat": 4
 },
 "nbformat": 4,
 "nbformat_minor": 2
}
